#同性恋
[12][2015][30993682]国内哪些大学有同性恋社团组织除了最有名的中山大学彩虹社.txt
[13][2015][35139759]身为一个性少数群体在中山大学上学是一番怎样的体验.txt
[2][2015][34891495]被公开的隐私还是隐私吗.txt
[3][2015][30572892]如何看待中山大学哲学系罗教授反同言论.txt
[423][2015][31943873]中山大学女生出柜算不算道德绑架校长.txt
[503][2015][34866229]如何看待中大女生为了维护LGBT权益起诉教育部反而被学校威胁不能毕业.txt
[6][2015][34893238]中大校方告知秋白父母其性取向这一行为道德或逻辑上的支持是否充分.txt
#学校政策和校园体验
[102][2015][38261332]如何看待中山大学2015年院系调整合并改名.txt
[111][2017][58210305]如何评价中山大学南校区及东校区封闭校园的举措.txt
[12][2017][56456120]如何看待中山大学卡内基梅隆大学联合工程学院即将停办的事其中的硕士博士研究生和教职人员处境如何.txt
[12][2017][60422096]在中大你学到的最重要的东西是什么.txt
[133][2018][271159463]中山大学南校区不让我进入你怎么看.txt
[13][2015][34966422]在中山大学广州北校区的学生网络管理队网管队工作是什么体验.txt
[13][2018][270729543]如果看待近期上映的西北风云中犯罪嫌疑人毕业于中山大学化学院设定.txt
[17][2017][64866822]如何看待中山大学17年新出的35医学培养模式.txt
[180][2017][59436426]如何看待中山大学社会工作本科专业被裁撤.txt
[1][2015][36191032]中山大学住宿条件怎么样.txt
[1][2016][47585191]如何评价保卫小红楼与撑修鞋摊三年来什么改变了中大.txt
[22][2017][64438543]加入中山大学探险协会是一种什么样的体验.txt
[259][2017][57006377]中山大学校内说粤语还是普通话.txt
[2][2016][41042811]怎么看中山大学公布CSSCI期刊黑名单目录.txt
[2][2017][68613066]如何看待中山大学八年制医科生淘汰制原则.txt
[35][2017][64695914]如何看待中山大学数据科学与计算机学院研究生被以禁止实习为目的强制要求校内每周打卡.txt
[36][2016][46839415]如何评价中山大学要拆除校园生活必需的修鞋摊修车店.txt
[3][2015][35963807]中山大学的中轴线为什么不是正南北的.txt
[3][2016][39099961]为什么中山大学艾滋病感染人数居广东高校学生艾滋病人数首位.txt
[3][2016][42133621]中山大学有哪些不为人知的有趣的地方.txt
[40][2017][61663086]一个北方人在中山大学SunYatSenUniversity就读生活上有困难么.txt
[46][2016][51814397]如何看待中山大学研究生奖学金远低于其他原985学校并且内部格差严重的情况.txt
[471][2018][265830441]如何看待中山大学考试周有人复习到晕厥这件事.txt
[4][2017][56494790]如何看待中山大学课堂教学十不准的规定.txt
[4][2017][59457384]如何评价中山大学停止社会工作本科专业招生.txt
[4][2018][265866596]为什么中山大学没有校内论坛怎么才能有.txt
[5][2018][271131793]如何看待中山大学今年大幅减少秋季学期交换机会.txt
[63][2016][41015256]在中山大学东校区网络中心当网管是一种怎样的体验.txt
[66][2017][68585536]请问中山大学有没有一个能哭的地方.txt
[77][2017][67900806]如何评价中山大学东校区图书馆近期的清书行为.txt
[7][2016][53370578]有什么关于中山大学的冷知识.txt
[81][2017][65774398]如何看待中山大学北校区突然发通知周末关闭教学楼2层以上自习室导致部分学生早上一睁眼就得冲到教室搬书.txt
[97][2015][29379056]在广州大学城待四年是怎样的体验.txt
#中山大学整体评价和发展新举措
[10][2017][65680328]如何看待近两年中山大学学术增长势头.txt
[11][2015][33318813]中山大学要建立深圳校区你怎么看待.txt
[125][2017][67583330]为什么中山大学能在大学排名排第八.txt
[12][2015][38790268]如何评价中大布匹市场轻纺城改造成国际创新谷的规划.txt
[14][2016][41958780]中山大学在北方几乎没有名气吗.txt
[14][2016][43417889]中山大学离世界一流大学有多远.txt
[166][2017][61489622]如何评价双鸭山大学SunYatsenUniversity.txt
[178][2015][33315177]如何评价中山大学建深圳新校区之举.txt
[18][2016][42152864]在中山大学深圳校区就读是怎样一种体验.txt
[20][2017][264505848]如何看待中山大学校长要改建永芳堂拆卸十八先贤铜像.txt
[26][2015][33318723]中山大学深圳校区是否会对深大产生影响.txt
[2][2015][38215633]中山大学深圳校区的建立对香港中文大学深圳将有什么影响.txt
[2][2015][38287869]中山大学的发展前景怎么样.txt
[314][2017][63833617]如何看待中山大学在未明确通知新生的情况下将部分宿舍由四人间改为六人间这件事.txt
[37][2015][27631107]中大珠海校区到底对于中大来说意味着什么.txt
[38][2017][61006263]如何看待罗俊对中山大学的种种新政.txt
[50][2016][47534456]如何评价一座百年校园的消失丨中山大学拆迁记.txt
[5][2015][32125519]如何评价中山大学SunYatsenUniversity大力开发珠海校区.txt
[63][2017][264761458]如何评价中山大学在第四次学科评估中的表现.txt
[6][2015][30288975]珠海大学筹为什么最终没有成立.txt
[7][2015][30560669]中山大学SunYatsenUniversity的发展为什么差强人意.txt
[7][2015][30870274]如何评价中大珠海校区在陈春声罗俊时代迎来的二次发展高潮.txt
[7][2016][41668101]为什么中山大学的实力和在国内的排名升不上去.txt
[8][2016][48786731]中山大学珠海校区确实非常糟糕吗.txt
[8][2016][51393350]如何评价中山大学关于全面深化本科教育教学改革提高人才培养质量的若干意见.txt
[9][2017][68434803]如何评价中山大学新建深圳校区扩建珠海校区的规划设计方案.txt
#社会热点事件
[12][2017][65285116]如何看待冰点特稿1070期这个名校学生喝下第6杯酒然后在一片加油声中走向死亡.txt
[17][2016][41401638]如何看待网友对中山大学何金鹏老师公益众筹一事的质疑及批评.txt
[27][2015][33273689]如何评价中国启动引力波探测天琴计划.txt
[354][2017][65298453]如何看待中山大学男生校外喝酒致死一事.txt
[3][2016][50373461]如何看待中山大学副校长将出任广州大学校长一事.txt
[64][2016][39409212]怎么看待广州地铁十号线规划穿越中山大学南校区中轴线而过.txt
[8][2016][40358556]如何评价天琴计划由中山大学领导.txt
[9][2016][39471225]怎么看待中大反对十号线穿过的理由充分吗一文.txt
#学科专业评价
[10][2015][29063811]八年制临床是一种怎样的体验.txt
[11][2015][30603974]介绍一下SYSUCMUJIE中山大学卡内基梅隆大学联合工程学院.txt
[11][2015][30656196]在中山大学数计院就读是一种怎样的体验.txt
[123][2015][39024430]在中山大学当学渣是一种怎样的体验.txt
[12][2015][31732710]关于中山大学微电子.txt
[12][2015][35291399]计算机专业选择保研还是选择就业.txt
[13][2017][264033298]如何看待中大数计院研究生的多媒体技术人工智能软工理论基础数据挖掘实战课程.txt
[13][2017][59507729]中山大学物理学系实力如何.txt
[18][2017][263351161]如何解释中大医学这么累收入这么低分数还这么高.txt
[1][2016][49555237]在中山大学博雅学院就读是怎样一番体验.txt
[2][2015][29417713]在中山大学读人文地理的研究生是怎样一番体验.txt
[3][2015][29812125]在中山大学学医是一种怎么样的体验.txt
[3][2015][37948641]中山大学中法核硕士毕业还有没有机会成为大牛.txt
[3][2016][48586818]在中山大学历史系读书是怎样一种体验.txt
[3][2018][267398513]中山大学当年为何要撤销东南亚历史研究所.txt
[4][2015][38439142]参加中山大学逸仙班是怎样的体验.txt
[4][2016][48016897]如何评价中山大学的信息与计算科学.txt
[4][2016][54137102]中山大学人类学参考书目.txt
[8][2015][28068240]在中山大学社会学与人类学学院就读是怎样一种体验.txt
#招生咨询和比较
[10][2015][32106207]中山综合实力全国12名为何却只吸引全国排名三十名左右的生源.txt
[10][2016][48496767]中山大学地质学类转专业情况以及学习什么课程.txt
[11][2015][31719785]中山大学就读交通工程是怎样一番体验.txt
[11][2016][46460385]2010年以后有哪些重点大学兴建新校区和其具体状况.txt
[12][2015][27417973]在中山大学读中文系是怎样的经历.txt
[12][2015][34944808]有什么只有中大人才懂的段子.txt
[13][2016][52131526]中山大学B系列专职科研人员在中大校内的境遇如何.txt
[13][2018][267662775]如何找到中山大学政务学院的女朋友.txt
[152][2015][33548574]中山大学有哪些好老师.txt
[16][2015][35547291]中山大学的计算机研究生就业如何有进入Facebook的机会吗.txt
[16][2017][59865405]为什么要称呼孙先生为孙中山你喜欢这种叫法吗要不要正式改为孙文或孙逸仙.txt
[19][2017][60285363]如何看待中山大学在拥有中山医学院的情况下在深圳另设中山大学医学院.txt
[1][2015][27779119]在中山大学读博士是一种什么体验.txt
[1][2016][47997476]中山大学心理学专硕招生基本问题.txt
[1][2017][57072157]在进行大学毕业典礼的过程中什么时候让你感觉到最有成就感.txt
[20][2016][46931611]中山大学哲学系学术水平如何.txt
[20][2017][61619249]北师大物理系和中山大学物理系哪个比较好.txt
[26][2016][39199900]尽了自己最大努力却没有达成理想之后你选择做了什么.txt
[28][2015][38300408]为什么有些人觉得华中科技大学不如中山大学.txt
[29][2015][37878629]如果再给你一次机会你会选择中山大学还是厦门大学.txt
[2][2016][40005988]为什么法医专业有身高限制.txt
[2][2016][40524508]厦门大学和中山大学汉硕哪个更好呢.txt
[2][2016][44332453]在中大法学院念书是一种怎样的体验.txt
[31][2017][55303865]中山大学岭南学院怎样.txt
[38][2016][47027779]有哪些只有中山大学的学生才知道的梗.txt
[3][2016][40919654]研究生有志于晚清社会史南开大学的社会史研究中心和中山大学的历史人类学研究中心哪个较为适合.txt
[3][2017][62361970]客观评价中山大学国际金融学院.txt
[42][2017][263979881]如何找一个中山大学的女朋友.txt
[4][2016][40917112]CS大一如何规划自己的道路保研出国.txt
[4][2016][51608663]为什么中大华工喜欢互黑.txt
[4][2017][59013664]中山大学新闻传播学类如何以及就业前景如何.txt
[4][2017][61483876]如何看待中山大学被误称作双鸭山大学.txt
[54][2018][266472113]在中山大学的宿舍感觉太冷受不了有哪些取暖方法.txt
[57][2015][27854196]有一个中山大学的女朋友是种什么体验.txt
[5][2015][29199054]考研选学校纠结本科不出名211信息管理想考情报学的研究生1中山大学2华中师范大学情况见下.txt
[5][2015][30832969]在台湾中山大学做交换生是一种什么样的体验.txt
[5][2015][32090798]中山大学岭南学院和管理学院各自优势劣势就业情况及方向.txt
[5][2015][35646604]请问中山大学大一新生是应该继续读工科还是努力转专业试图去到国际金融学院抑或是岭南学院.txt
[5][2015][38499640]为什么中山大学是副部级大学而华南理工不是.txt
[5][2017][60117993]在中山大学读古代文学研究生是怎样的一种体验.txt
[71][2017][263595998]在中山大学你遇到过哪些奇怪诡异匪夷所思的事情.txt
[7][2015][28625891]AMBAEQUIS和AACSB三大认证含金量如何.txt
[7][2015][31059978]如何评价中山大学整合计算机相关系成立数据科学与计算机学院.txt
[7][2015][35773441]大三汪有压力了在二本院校学社工专业想考研改变命运不谈那么大理想也想去名校感受一下.txt
[7][2017][65759921]日常迷茫麻烦指点指点普通二本大三旅游管理的这位学子.txt
[8][2015][34367571]中山大学中山医学院为什么不直接叫中山大学医学院.txt
[8][2016][47340621]中山大学有哪些男神女神级别的老师.txt
[9][2015][30837867]中山大学厚朴HOPE工作室是怎么建立起来的.txt
[9][2015][31676739]山大中大川大的物理系哪个更好.txt
[9][2015][31686866]请问中山大学旅游管理类还是国际政治专业好.txt
[9][2016][39381048]在中山大学的医学院就读是怎样的体验.txt
#教师评价和投诉
[102][2016][49747071]如何看待中山大学袁文娟老师一事.txt
[10][2016][46263461]如何评价中山大学的凌应标老师.txt
[13][2016][39345074]如何评价中山大学武警选培办管明华主任.txt
[13][2016][45394385]如何评价中山大学历史系教授肖瑜.txt
[13][2017][63507244]如何评价中山大学林倞教授.txt
[14][2017][64859240]如何评价中山大学曹效阳老师.txt
[17][2015][35583524]如何看待中山大学学生在微博实名举报中大传设学院副教授在保研过程中违规操作的事件.txt
[185][2016][39326494]怎样看待中山大学博雅学院甘阳院长被扇耳光一事.txt
[2][2016][51500906]如何评价中山大学的李安勇老师.txt
[48][2017][59605986]如何评价中山大学生命科学学院钟晓青.txt
[4][2016][39339429]如何用隐微的观点看待甘阳被打事件.txt
[59][2017][263318133]如何评价中山大学中山医学院辅导员林港凡.txt
[5][2016][41524816]如何评价中山大学郑子彬教授.txt
[7][2015][35807454]如何评价中山大学生科院细胞生物学老师王金发.txt
[7][2016][45536578]如何评价近期刷屏的中山大学叶老师的美容课程.txt
[7][2017][62009517]如何评价中山大学电子与信息工程学院原信科院辅导员钱宁老师.txt
[8][2017][263385888]如何评价中山大学岭南学院教授施俊琦.txt