Topic   0
[166][2017][61489622]如何评价双鸭山大学SunYatsenUniversity.txt
[185][2016][39326494]怎样看待中山大学博雅学院甘阳院长被扇耳光一事.txt
[20][2017][264505848]如何看待中山大学校长要改建永芳堂拆卸十八先贤铜像.txt
Topic   1
[10][2015][29092123]关于华南师范大学附属中学的大学先修班考试.txt
[64][2016][39409212]怎么看待广州地铁十号线规划穿越中山大学南校区中轴线而过.txt
[67][2016][50608827]广州的大学之间都有怎样的趣闻.txt
Topic   2
[13][2018][270729543]如果看待近期上映的西北风云中犯罪嫌疑人毕业于中山大学化学院设定.txt
[64][2017][58935836]老师强调全国卷没有难题为什么还是很少人得高分.txt
Topic   3
[12][2015][30993682]国内哪些大学有同性恋社团组织除了最有名的中山大学彩虹社.txt
[14][2018][270226259]广州中山一院有多牛逼.txt
[15][2018][267158477]如何评价中山大学西医学教授chalkit.txt
[16][2015][37289174]吉林大学是如何被中山大学反超的.txt
[19][2015][36786970]为什么小王子展投票活动最终演变成中大华农两校的所谓荣誉之战.txt
[26][2016][41373705]如何看待中山大学SYSU48.txt
[423][2015][31943873]中山大学女生出柜算不算道德绑架校长.txt
Topic   4
[102][2016][49747071]如何看待中山大学袁文娟老师一事.txt
[17][2016][41401638]如何看待网友对中山大学何金鹏老师公益众筹一事的质疑及批评.txt
[259][2017][57006377]中山大学校内说粤语还是普通话.txt
Topic   5
[10][2016][39594079]有哪些校园独具一格的医学院医科大学中医药大学设计让学生赞不觉口.txt
[111][2017][58210305]如何评价中山大学南校区及东校区封闭校园的举措.txt
[12][2017][65285116]如何看待冰点特稿1070期这个名校学生喝下第6杯酒然后在一片加油声中走向死亡.txt
[133][2018][271159463]中山大学南校区不让我进入你怎么看.txt
[13][2015][35139759]身为一个性少数群体在中山大学上学是一番怎样的体验.txt
[13][2016][39345074]如何评价中山大学武警选培办管明华主任.txt
[13][2016][45394385]如何评价中山大学历史系教授肖瑜.txt
[13][2016][52131526]中山大学B系列专职科研人员在中大校内的境遇如何.txt
[152][2015][33548574]中山大学有哪些好老师.txt
[17][2015][35583524]如何看待中山大学学生在微博实名举报中大传设学院副教授在保研过程中违规操作的事件.txt
[20][2016][46931611]中山大学哲学系学术水平如何.txt
[354][2017][65298453]如何看待中山大学男生校外喝酒致死一事.txt
[38][2017][61006263]如何看待罗俊对中山大学的种种新政.txt
[39][2015][39002941]怎样看待国内各高校点名翻唱南山南.txt
[47][2017][64490235]中坚九校新生如何缩小与清北复交同学的差距.txt
[48][2017][59605986]如何评价中山大学生命科学学院钟晓青.txt
[503][2015][34866229]如何看待中大女生为了维护LGBT权益起诉教育部反而被学校威胁不能毕业.txt
[59][2017][263318133]如何评价中山大学中山医学院辅导员林港凡.txt
Topic   6
[10][2015][31824272]广州海珠区租房建议.txt
[10][2015][32166278]如何评价广州市长的言论广州房价仅京沪一半有很大发展空间.txt
[10][2017][60495872]准备学医请问高考后的暑假该做哪些准备.txt
[11][2016][40240371]如何评价知乎没有中大华工跨校情侣是怎样一种体验这个问题的现象.txt
[11][2018][270532817]如如何找到中山大学数学学院的女朋友.txt
[12][2015][34944808]有什么只有中大人才懂的段子.txt
[12][2017][60422096]在中大你学到的最重要的东西是什么.txt
[13][2018][267662775]如何找到中山大学政务学院的女朋友.txt
[14][2016][43417889]中山大学离世界一流大学有多远.txt
[14][2018][275030242]中山大学海洋工程与技术学院由深圳校区迁至珠海校区.txt
[173][2016][41003799]在中山纪念中学谈恋爱是一种怎样的体验.txt
[17][2016][48090516]问一下知道中山大学新华学院吗可以介绍一下吗.txt
[17][2018][268100625]一个在中大天天吃狗粮的单身狗怎么让自己好受些.txt
[18][2016][42152864]在中山大学深圳校区就读是怎样一种体验.txt
[22][2017][64438543]加入中山大学探险协会是一种什么样的体验.txt
[23][2017][57888255]如何评价中山大学vmatrix评测系统.txt
[314][2017][63833617]如何看待中山大学在未明确通知新生的情况下将部分宿舍由四人间改为六人间这件事.txt
[37][2015][27631107]中大珠海校区到底对于中大来说意味着什么.txt
[42][2017][263979881]如何找一个中山大学的女朋友.txt
[54][2018][266472113]在中山大学的宿舍感觉太冷受不了有哪些取暖方法.txt
[57][2015][27854196]有一个中山大学的女朋友是种什么体验.txt
[66][2017][68585536]请问中山大学有没有一个能哭的地方.txt
[68][2015][27517948]在中山纪念中学就读是一种怎样的体验.txt
[71][2017][263595998]在中山大学你遇到过哪些奇怪诡异匪夷所思的事情.txt
[72][2015][36179112]因离家过远大学想退学怎么办.txt
[77][2017][67900806]如何评价中山大学东校区图书馆近期的清书行为.txt
[97][2015][29379056]在广州大学城待四年是怎样的体验.txt
Topic   7
[10][2017][67259599]中山大学深圳校区的猪婆山猪公山改成什么名字好.txt
[12][2015][32247696]医学生准备读眼科研究生但对于眼科的分支却不知如何选择诚邀各路大神指教鞠躬.txt
[16][2017][59865405]为什么要称呼孙先生为孙中山你喜欢这种叫法吗要不要正式改为孙文或孙逸仙.txt
Topic   8
[101][2015][38453750]华南理工在广东全国和中大的差距有多大.txt
[102][2015][38261332]如何看待中山大学2015年院系调整合并改名.txt
[10][2015][31612844]本人山西高三毕业生成绩高一本线110分左右想报中山大学管理学院关于录取和就业想听听大家看法.txt
[10][2015][32106207]中山综合实力全国12名为何却只吸引全国排名三十名左右的生源.txt
[10][2015][33080380]中山大学翻译学院很烂吗.txt
[10][2015][35031599]读金融学选择武大中山还是南大.txt
[10][2016][39331840]在中山大学地球科学与地质工程学院就读是一种怎样的体验.txt
[10][2016][42086861]喜欢的中山大学与喜欢的新闻传媒专业该如何选择.txt
[10][2016][48496767]中山大学地质学类转专业情况以及学习什么课程.txt
[10][2017][65680328]如何看待近两年中山大学学术增长势头.txt
[10][2018][270130352]临床医学科研型研究生博士生毕业之后如果不做医生可以从事何种工作.txt
[10][2018][271207742]坐标广东高考分数考中山大学应该没问题想学工科但是又觉得华南理工大学名声没有中大好.txt
[11][2015][30603974]介绍一下SYSUCMUJIE中山大学卡内基梅隆大学联合工程学院.txt
[11][2015][30656196]在中山大学数计院就读是一种怎样的体验.txt
[11][2015][31719785]中山大学就读交通工程是怎样一番体验.txt
[11][2015][31724044]武汉大学和中山大学.txt
[11][2015][35039605]经济学考研人民大学经济学院与中山大学岭南学院该怎么选择.txt
[11][2015][37424923]报考中山大学岭院或管院本科毕业后出国方便吗.txt
[11][2015][38919394]作为广州考生西南财经大学华南理工大学中山大学怎么选择想学金融.txt
[11][2016][41163660]大山中学转专业.txt
[11][2016][41964211]考中山大学经济学研究生初试需要准备的专业课资料都有哪些可以从哪里获取需要如何安排进度呢.txt
[11][2016][46460385]2010年以后有哪些重点大学兴建新校区和其具体状况.txt
[11][2016][49087862]华南师范大学和中山大学的差距有多大.txt
[11][2017][264880986]985大学数学系到底能为本科生提供怎样的平台和资源.txt
[11][2018][266907625]中大cs和软件工程都缩招了想从事it应该选什么专业.txt
[11][2018][268894325]请问医学生挂科影响考中山医研究生吗.txt
[123][2015][39024430]在中山大学当学渣是一种怎样的体验.txt
[12][2015][31732710]关于中山大学微电子.txt
[12][2015][35291399]计算机专业选择保研还是选择就业.txt
[12][2015][36611094]医学生可以选择的就业方向有哪些.txt
[12][2017][56456120]如何看待中山大学卡内基梅隆大学联合工程学院即将停办的事其中的硕士博士研究生和教职人员处境如何.txt
[12][2017][56468317]想多了解中山大学华南理工.txt
[12][2018][270773973]考上了家乡的编制教师又考上了中山大学的哲学研究生该怎么选择.txt
[13][2015][31726575]身为一个理科一般的学生对理工科无感的学生同为985高校是冲冲中大还是稳妥的报华工呢.txt
[13][2015][31812388]ﾟДﾟ今年的考生纠结南开中山求建议.txt
[13][2015][33767196]人大和哈工大深研院非本部和中大的计算机专业哪个相对好一点呢.txt
[13][2016][50100121]随着武汉大学北理莫斯科中山大学中国科学院大学清华大学等深圳校区的建立对哈工大深圳有什么影响.txt
[13][2016][53741330]贵州高二2018高考理科生现稳580分以上想考中山大学但没想好以后学什么专业想多了解中大情况.txt
[13][2017][59507729]中山大学物理学系实力如何.txt
[13][2018][268112136]广州除了中大和华南理工还有什么学校的比较好的包括师资和学风.txt
[14][2015][37218584]关于通信工程和电子信息两个专业的区别.txt
[14][2016][40610342]金融暨南大学保研和中山大学考研应选哪一个.txt
[14][2016][41958780]中山大学在北方几乎没有名气吗.txt
[14][2016][48072021]中山大学华中科技厦门大学武汉大学如何抉择.txt
[15][2015][35860956]暨南大学和华南理工大学法学考研选哪一所.txt
[15][2016][47766281]重庆高三毕业理科生683在华西口腔和中山临床或口腔纠结感觉华西风险较大有什么建议吗.txt
[15][2017][57180325]华南理工大学未来会超过中山大学成为华南第一高校吗.txt
[15][2018][274729358]如何看待中山大学工学院被罗俊解散.txt
[16][2015][31771921]好大学与好专业地域填报志愿要疯了.txt
[16][2015][35121904]中山大学北京理工武汉大学计算机硕士研究生选择哪个好.txt
[16][2015][35547291]中山大学的计算机研究生就业如何有进入Facebook的机会吗.txt
[16][2015][37236739]中山大学华南理工大学华南师范大学华南农业大学这四所同根的大学合并成一间优势互补的联邦制大学.txt
[17][2016][50669418]中大南科大哈工大深圳华工那个更值得选择.txt
[17][2017][61027669]题主是江苏理科生今年高考倾向经济类管理类金融类专业怎么选志愿.txt
[17][2017][64866822]如何看待中山大学17年新出的35医学培养模式.txt
[17][2017][65063613]本科金融保本校211还是考985.txt
[17][2017][65761045]大文科就业中山大学和南京大学哪个好.txt
[17][2018][266781597]请问大学录取分数线的标准是什么怎么才能判断自己是否考上该大学.txt
[18][2017][61490196]南开法学中山法学对外经贸法学上财压线被调剂选哪个.txt
[18][2017][62624054]本人今年高考被中山大学护理学录取本人男生希望大佬们能告知我就业前景薪水就业现状出国等等.txt
[19][2015][33337416]厦门大学是如何在地域和排名均落后的情况下使自身分数线超过邻省985的.txt
[19][2017][55546091]名校冷门专业的毕业生都去做什么去了比如上海交大生物工程哲学等.txt
[19][2017][60285363]如何看待中山大学在拥有中山医学院的情况下在深圳另设中山大学医学院.txt
[20][2015][31640001]想报计算机中大武大还是同济.txt
[20][2015][31686830]南京大学中科大和中大岭南学院中选择哪个较好.txt
[20][2017][61619249]北师大物理系和中山大学物理系哪个比较好.txt
[218][2017][61496919]大学想学计算机专业报考华科好还是北邮好或者中山大学.txt
[21][2015][31590663]去南京大学的冷门专业还是去中山大学的热门专业.txt
[22][2015][31161879]南京大学南京师范大学北京师范大学华东师范大学中山大学的gis研究生哪个更好就业前景更广.txt
[22][2015][33898520]准高三关于选中山大学还是广东外语外贸的问题.txt
[22][2017][58177573]请问金融硕士应该如何备考上财复旦中大厦大武大西财央财等学校应该如何选择.txt
[23][2017][58970702]英专考研目标专业为英语语言文学或是比较文学与世界文学请问应该选中山大学还是上海外国语大学.txt
[24][2018][266924813]三本学生要考上中山大学研究生要怎么做.txt
[25][2015][29289246]本人在深圳做技术研发年薪105W现考上了中大岭南学院MBA学费165W三年纠结着有没有用要不要去读.txt
[26][2015][33318723]中山大学深圳校区是否会对深大产生影响.txt
[28][2015][38300408]为什么有些人觉得华中科技大学不如中山大学.txt
[29][2015][37878629]如果再给你一次机会你会选择中山大学还是厦门大学.txt
[31][2017][55303865]中山大学岭南学院怎样.txt
[32][2016][47904130]理科生高考志愿南理工还是中山哪个大学更好一些.txt
[32][2017][264886073]如果留在广东发展应该考中大硕士还是西政硕士.txt
[35][2016][47849540]北航与中山怎样选择.txt
[35][2016][51594121]想从中山大学退学复读去武大值得吗.txt
[36][2016][47808722]中山大学岭南学院和上海交通大学安泰经管学院怎样选择.txt
[38][2015][31672841]厦大南开和中山大学志愿应该怎么选择.txt
[38][2016][47027779]有哪些只有中山大学的学生才知道的梗.txt
[39][2017][61339852]中山大学华中科技大学上海外国语大学如何抉择.txt
[40][2017][62540605]高考录取结束分数线上了浙大武大但因为专业问题还是去了对外经贸大学我的选择对吗.txt
[40][2018][266727867]北京大学医学院和中山大学医学院哪个好.txt
[42][2017][61596240]计算机本科应选择中山大学还是哈尔滨工业大学深圳.txt
[44][2017][61578041]2017河南考生624省排2767如何抉择985和南方科技大.txt
[48][2017][65409386]放弃西北工业大学去中山大学读法可行吗.txt
[52][2017][65734830]如何看待东南大学中山大学双一流崛起.txt
[53][2017][61156266]应该选择香港大学还是中山大学或是深圳大学.txt
[59][2015][31592298]厦门大学中山大学武汉大学华南理工大学应该选哪个好.txt
[59][2017][58107509]厦大东南中山大学电子科技大学怎么选.txt
[63][2017][264761458]如何评价中山大学在第四次学科评估中的表现.txt
[64][2015][36529215]中山大学新华学院中山大学南方学院哪一个更好.txt
[68][2017][64167595]能够上武汉大学南开大学中山大学厦门大学上海财经大学中央财经大学上了北京师范大学会后悔吗.txt
[86][2017][61847326]广东2017年高考250名左右家人反对去浙大心仪浙大如何向家长展示浙大的优势.txt
Topic   9
[10][2015][29063811]八年制临床是一种怎样的体验.txt
[10][2015][35173727]是否还有路由器可以通过中山大学东校区的inodeh3c认证.txt
[10][2016][46263461]如何评价中山大学的凌应标老师.txt
[10][2016][47054219]如果看待中山大学不会游泳毕不了业这一规定.txt
[10][2017][62710170]如果暨大有一天不是侨校不再招收外招生会是怎样.txt
[10][2018][267374583]中大的同学氛围是什么样的.txt
[11][2015][33579083]高考成绩比所在大学的平均成绩高很多或低很多是怎样的体验.txt
[11][2015][37538871]出国学习真的有那么好吗正在纠结是否选择出国.txt
[11][2017][63261966]名牌大学真的泛滥了吗为什么我们县一中考上的那么多.txt
[11][2018][265484044]罗俊对中山大学有什么正面贡献.txt
[12][2015][27417973]在中山大学读中文系是怎样的经历.txt
[12][2016][39175996]如何准备2017年的在职研究生心理学考试.txt
[12][2018][268531755]广东省珠三角高一学生语数英基础十分的差应该什么努力.txt
[13][2015][34966422]在中山大学广州北校区的学生网络管理队网管队工作是什么体验.txt
[13][2017][264033298]如何看待中大数计院研究生的多媒体技术人工智能软工理论基础数据挖掘实战课程.txt
[13][2017][63507244]如何评价中山大学林倞教授.txt
[14][2017][64859240]如何评价中山大学曹效阳老师.txt
[15][2018][266753101]高中生学编程是否为时尚早.txt
[15][2018][268335787]学医的你25岁时都在做着什么.txt
[180][2017][59436426]如何看待中山大学社会工作本科专业被裁撤.txt
[18][2017][263351161]如何解释中大医学这么累收入这么低分数还这么高.txt
[23][2017][57722853]离高考还有七十天我是否应该回家自学.txt
[26][2016][39199900]尽了自己最大努力却没有达成理想之后你选择做了什么.txt
[35][2017][64695914]如何看待中山大学数据科学与计算机学院研究生被以禁止实习为目的强制要求校内每周打卡.txt
[36][2016][46839415]如何评价中山大学要拆除校园生活必需的修鞋摊修车店.txt
[36][2016][48814392]在新加坡国立大学NUS和中山大学间如何抉择.txt
[46][2016][51814397]如何看待中山大学研究生奖学金远低于其他原985学校并且内部格差严重的情况.txt
[471][2018][265830441]如何看待中山大学考试周有人复习到晕厥这件事.txt
[50][2016][47534456]如何评价一座百年校园的消失丨中山大学拆迁记.txt
[63][2016][41015256]在中山大学东校区网络中心当网管是一种怎样的体验.txt
[81][2017][65774398]如何看待中山大学北校区突然发通知周末关闭教学楼2层以上自习室导致部分学生早上一睁眼就得冲到教室搬书.txt
